Minimum found ny Peng:

 ============== MATRIX FORCED POS-DEF BY ADDING 1.391344 TO DIAGONAL.
 MIGRAD TERMINATED WITHOUT CONVERGENCE.
 FCN=218.407 FROM MIGRAD    STATUS=FAILED       1829 CALLS        1830 TOTAL
                     EDM=0.564084    STRATEGY= 1      ERR MATRIX NOT POS-DEF
  EXT PARAMETER                APPROXIMATE        STEP         FIRST   
  NO.   NAME      VALUE            ERROR          SIZE      DERIVATIVE 
   1  BLNY         2.36166e-02   7.17002e-04   2.73087e-05   3.91579e+00
   2  Nu           2.61971e-01   2.46543e-02   8.60134e-06  -1.34676e+02
   3  Nd          -1.95220e-01   7.15875e-03   3.06299e-06  -4.52193e+02
   4  au           1.69586e+00   7.59358e-03   1.32895e-05   3.10320e+00
   5  ad           3.20601e-01   4.01160e-02   2.74880e-05  -2.00794e+00
   6  bu           1.46831e-06   5.38257e-01   8.01890e-04** at limit **
   7  bd           3.61390e-03   7.93746e-01   5.23943e-04   2.82536e-01
   8  Nu_t         8.54376e-01   8.65518e-02   6.89675e-04  -3.02136e-02
   9  Nd_t        -9.99999e-01   1.25156e-01   5.39417e-03   3.81923e-03
  10  au_t         6.88367e-01   4.33534e-02   7.25413e-05  -1.56326e+00
  11  ad_t         1.79434e+00   3.17379e-01   4.47274e-04   7.52246e-01
  12  bu_t         4.81953e-02   3.88934e-02   2.28244e-04   7.69057e-01
  13  bd_t         6.99676e+00   2.64818e+00   1.78392e-03  -2.31357e-01
 EXTERNAL ERROR MATRIX.    NDIM=  25    NPAR= 13    ERR DEF=1
 ELEMENTS ABOVE DIAGONAL ARE NOT PRINTED.
  5.144e-07 
  1.757e-05  6.078e-04 
  4.873e-06  1.681e-04  5.125e-05 
 -2.071e-06 -6.295e-05 -1.556e-05  5.766e-05 
  2.837e-05  9.738e-04  2.630e-04 -1.208e-04  1.610e-03 
  1.259e-06  4.313e-05  1.197e-05 -4.453e-06  6.936e-05  3.220e-06 
  7.757e-05  2.665e-03  7.334e-04 -2.947e-04  4.304e-03  1.901e-04  1.180e-02 
  5.713e-05  1.968e-03  5.528e-04 -2.132e-04  3.177e-03  1.400e-04  8.653e-03  7.562e-03 
 -3.348e-09 -1.162e-07 -3.207e-08  1.093e-08 -1.851e-07 -8.209e-09 -5.085e-07 -3.564e-07  3.483e-07 
  2.811e-05  9.692e-04  2.711e-04 -1.061e-04  1.564e-03  6.890e-05  4.256e-03  3.377e-03 -1.940e-07  1.880e-03 
  1.980e-04  6.825e-03  1.910e-03 -7.479e-04  1.100e-02  4.852e-04  2.998e-02  2.327e-02 -1.608e-06  1.117e-02  1.010e-01 
  2.558e-05  8.813e-04  2.475e-04 -9.545e-05  1.422e-03  6.269e-05  3.874e-03  2.868e-03 -1.587e-07  1.512e-03  1.042e-02 
  2.558e-05  8.813e-04  2.475e-04 -9.545e-05  1.422e-03  6.269e-05  3.874e-03  2.868e-03 -1.587e-07  1.512e-03  1.042e-02  1.514e-03 
  1.866e-03  6.433e-02  1.805e-02 -6.921e-03  1.038e-01  4.575e-03  2.827e-01  2.144e-01 -1.084e-05  1.065e-01  8.006e-01 
  1.866e-03  6.433e-02  1.805e-02 -6.921e-03  1.038e-01  4.575e-03  2.827e-01  2.144e-01 -1.084e-05  1.065e-01  8.006e-01  9.600e-02  7.971e+00 
ERR MATRIX NOT POS-DEF
 PARAMETER  CORRELATION COEFFICIENTS  
       NO.  GLOBAL      1      2      3      4      5      6      7      8      9     10     11     12     13
        1  0.99744   1.000  0.994  0.949 -0.380  0.986  0.979  0.996  0.916 -0.008  0.904  0.869  0.916  0.922
        2  0.99676   0.994  1.000  0.953 -0.336  0.984  0.975  0.995  0.918 -0.008  0.907  0.871  0.919  0.924
        3  0.96703   0.949  0.953  1.000 -0.286  0.916  0.932  0.943  0.888 -0.008  0.874  0.840  0.888  0.893
        4  0.61779  -0.380 -0.336 -0.286  1.000 -0.397 -0.327 -0.357 -0.323  0.002 -0.322 -0.310 -0.323 -0.323
        5  0.99135   0.986  0.984  0.916 -0.397  1.000  0.963  0.988  0.911 -0.008  0.899  0.863  0.911  0.916
        6  0.97992   0.979  0.975  0.932 -0.327  0.963  1.000  0.976  0.897 -0.008  0.886  0.851  0.898  0.903
        7  0.99741   0.996  0.995  0.943 -0.357  0.988  0.976  1.000  0.916 -0.008  0.904  0.869  0.917  0.922
        8  0.93709   0.916  0.918  0.888 -0.323  0.911  0.897  0.916  1.000 -0.007  0.896  0.842  0.848  0.873
        9  0.01029  -0.008 -0.008 -0.008  0.002 -0.008 -0.008 -0.008 -0.007  1.000 -0.008 -0.009 -0.007 -0.007
       10  0.93555   0.904  0.907  0.874 -0.322  0.899  0.886  0.904  0.896 -0.008  1.000  0.811  0.896  0.870
       11  0.90803   0.869  0.871  0.840 -0.310  0.863  0.851  0.869  0.842 -0.009  0.811  1.000  0.843  0.892
       12  0.93756   0.916  0.919  0.888 -0.323  0.911  0.898  0.917  0.848 -0.007  0.896  0.843  1.000  0.874
       13  0.94404   0.922  0.924  0.893 -0.323  0.916  0.903  0.922  0.873 -0.007  0.870  0.892  0.874  1.000
 ERR MATRIX NOT POS-DEF
 FCN=218.407 FROM MIGRAD    STATUS=FAILED       1829 CALLS        1830 TOTAL
                     EDM=0.564084    STRATEGY= 1      ERR MATRIX NOT POS-DEF
  EXT PARAMETER                APPROXIMATE        STEP         FIRST   
  NO.   NAME      VALUE            ERROR          SIZE      DERIVATIVE 
   1  BLNY         2.36166e-02   7.17002e-04   2.73087e-05   3.91579e+00
   2  Nu           2.61971e-01   2.46543e-02   8.60134e-06  -1.34676e+02
   3  Nd          -1.95220e-01   7.15875e-03   3.06299e-06  -4.52193e+02
   4  au           1.69586e+00   7.59358e-03   1.32895e-05   3.10320e+00
   5  ad           3.20601e-01   4.01160e-02   2.74880e-05  -2.00794e+00
   6  bu           1.46831e-06   5.38257e-01   8.01890e-04** at limit **
   7  bd           3.61390e-03   7.93746e-01   5.23943e-04   2.82536e-01
   8  Nu_t         8.54376e-01   8.65518e-02   6.89675e-04  -3.02136e-02
   9  Nd_t        -9.99999e-01   1.25156e-01   5.39417e-03   3.81923e-03
  10  au_t         6.88367e-01   4.33534e-02   7.25413e-05  -1.56326e+00
  11  ad_t         1.79434e+00   3.17379e-01   4.47274e-04   7.52246e-01
  12  bu_t         4.81953e-02   3.88934e-02   2.28244e-04   7.69057e-01
  13  bd_t         6.99676e+00   2.64818e+00   1.78392e-03  -2.31357e-01
Total programe took 436824 second(s).



The program here will perform error analysis of our parameters using a Monte Carlo method explaned in the paper.

Makefile:

Typing

make all_lib 

will create MYFORTRAN.lib that contains needed generators for Monte Carlo of parameters

  
